200
-2782 -25551 -8602 -15364 -12908 -23579 -25330 -22003 
-2854 -1104 -12268 -1829 -4658 -26906 -24245 -29246 
-24187 -25296 -5399 -2943 -2636 -825 -14677 -14568 
-16981 -26283 -465 -23903 -8126 -15535 -180 -17260 
-17438 -15135 -8977 -346 -15066 -10659 -22349 -17920 
-11763 -10969 -26101 -22773 -14227 -20346 -22020 -14767 
-15642 -27419 -17710 -24631 -4596 -2388 -9199 -21577 
-28671 -9664 -21832 -6797 -1551 -28365 -409 -25341 
-19852 -9386 -25687 -4918 -20045 -24388 -22838 -8160 
-11709 -18939 -934 -25937 -15638 -29306 -10704 -7632 
-3077 -4766 -2263 -7674 -7154 -11462 -5603 -5825 
-27478 -27436 -18974 -5381 -2153 -19384 -722 -22005 
-5122 -2761 -26923 -1520 -27149 -19761 -9680 -15211 
-15052 -16966 -17500 -690 -16272 -4556 -8323 -19350 
-9322 -16938 -3376 -16477 -28401 -8979 -22302 -2231 
-12767 -17629 -7613 -14920 -13365 -8335 -6925 -24839 
-11097 -3848 -26359 -14598 -29961 -12392 -29809 -21366 
-29358 -23661 -28408 -21983 -28217 -6731 -17685 -13892 
-22 -21061 -369 -4775 -40 -29023 -7006 -12808 
-23004 -14619 -27728 -6369 -29307 -11006 -1209 -16756 
-14854 -3920 -1354 -21168 -16312 -7516 -12534 -22023 
-7529 -10942 -14006 -5747 -24026 -1691 -25991 -24048 
-29104 -2712 -28823 -29144 -8087 -12181 -18304 -1092 
-26801 -22385 -13813 -2460 -3391 -15022 -19216 -24597 
-18943 -26922 -22117 -11607 -4438 -11003 -3630 -11968 
